generation,calculated_children,children_created,random_event_child,homosexuals,alive_population,total_population
0,0,0,50,100,100,
1,2,4,1,50,102,102,
2,2,4,2,50,104,104,
3,2,4,1,50,106,106,
4,2,5,3,50,109,109,
5,2,5,2,50,112,112,
6,2,4,1,50,114,114,
7,2,3,1,51,115,115,
8,2,4,2,52,117,117,
9,2,5,3,53,120,120,
10,2,4,1,53,122,122,
11,2,4,1,53,124,124,
12,2,3,1,54,125,125,
13,2,4,2,54,127,127,
14,3,5,1,55,129,129,
15,3,7,4,56,133,133,
16,3,6,3,57,136,136,
17,3,6,1,57,139,139,
18,3,7,4,58,143,143,
19,3,6,3,58,146,146,
20,3,7,4,60,150,150,
21,3,5,2,61,152,152,
22,3,5,2,62,154,154,
23,3,4,0,62,155,155,
24,3,6,1,62,158,158,
25,3,6,3,64,161,161,
26,3,5,1,64,163,163,
27,3,6,1,64,166,166,
28,3,6,2,64,169,169,
29,3,4,0,64,170,170,
30,3,7,3,65,174,174,
31,3,7,2,66,178,178,
32,3,7,2,66,182,182,
33,3,8,2,67,187,187,
34,3,7,2,69,191,191,
35,4,9,1,69,196,196,
36,4,10,3,70,202,202,
37,4,9,1,70,207,207,
38,4,9,3,72,212,212,
39,4,8,1,72,216,216,
40,4,9,3,73,221,221,
41,4,9,3,74,226,226,
42,4,9,3,76,231,231,
43,4,8,1,77,235,235,
44,4,7,2,78,238,238,
45,4,10,2,78,244,244,
46,4,9,2,78,249,249,
47,4,9,1,78,254,254,
48,5,11,2,79,260,260,
49,5,8,0,79,263,263,
50,5,12,3,79,270,270,
51,5,10,2,77,270,275,
52,5,12,4,74,263,282,
53,5,11,1,64,255,288,
54,5,12,5,58,246,295,
55,5,10,2,54,243,300,
56,5,8,0,48,236,303,
57,5,7,1,41,223,305,
58,5,10,2,38,221,310,
59,5,8,0,37,222,313,
60,6,12,1,35,224,319,
61,6,13,4,35,228,326,
62,6,12,1,34,233,332,
63,6,11,4,34,238,337,
64,6,11,4,34,242,342,
65,6,11,3,35,247,347,
66,6,12,2,35,253,353,
67,6,12,3,35,259,359,
68,7,13,0,35,265,365,
69,7,13,2,36,271,371,
70,7,14,2,36,278,378,
71,7,14,1,36,285,385,
72,7,15,4,38,293,393,
73,7,15,2,38,301,401,
74,8,16,3,38,308,409,
75,8,15,1,39,315,416,
76,8,15,0,39,321,423,
77,7,14,1,40,327,430,
78,8,17,2,40,334,439,
79,8,15,1,41,340,446,
80,8,16,2,41,347,454,
81,8,17,2,41,354,463,
82,9,18,2,41,359,472,
83,8,16,2,41,366,480,
84,8,17,2,41,372,489,
85,8,16,0,41,379,497,
86,9,19,1,40,385,507,
87,10,20,1,42,392,517,
88,9,19,2,42,400,527,
89,9,18,1,42,407,536,
90,9,19,3,44,415,546,
91,9,18,0,43,418,555,
92,9,19,2,43,427,565,
93,11,23,2,43,437,577,
94,11,22,0,42,445,588,
95,11,22,1,41,451,599,
96,10,20,1,41,460,609,
97,10,21,3,42,469,620,
98,12,25,2,42,479,633,
99,12,24,2,41,489,645,
100,11,23,1,40,497,657,
101,11,21,1,38,504,667,
102,11,23,2,39,513,679,
103,13,25,2,39,522,691,
104,13,27,2,38,534,705,
105,12,25,2,39,546,718,
106,12,24,2,37,554,730,
107,14,27,3,36,564,743,
108,14,28,0,36,573,757,
109,13,25,2,37,583,769,
110,14,27,4,38,592,782,
111,13,27,3,38,605,796,
112,13,26,2,41,614,809,
113,14,27,1,41,620,822,
114,16,30,1,42,625,836,
115,14,28,1,41,635,850,
116,15,31,1,39,648,866,
117,17,34,2,39,662,883,
118,16,32,0,37,670,899,
119,16,32,1,37,678,915,
120,18,36,2,37,691,933,
121,15,27,0,37,699,945,
122,17,35,1,35,710,963,
123,19,37,2,36,724,981,
124,18,36,1,37,737,999,
125,19,38,0,37,753,1018,
126,17,35,3,39,763,1036,
127,19,38,2,38,779,1055,
128,21,42,0,38,796,1076,
129,19,38,1,37,810,1095,
130,20,39,0,39,823,1114,
131,20,40,0,38,838,1134,
132,22,45,2,39,857,1157,
133,21,43,3,39,874,1179,
134,20,40,2,39,890,1199,
135,21,42,2,40,904,1220,
136,20,38,0,41,919,1238,
137,20,39,0,40,934,1257,
138,25,49,2,40,954,1281,
139,23,43,2,38,966,1301,
140,22,44,1,39,981,1323,
141,23,46,1,38,999,1346,
142,26,52,1,37,1020,1372,
143,25,50,3,38,1041,1397,
144,23,45,1,37,1054,1419,
145,24,49,3,37,1073,1444,
146,27,53,1,37,1094,1470,
147,24,49,3,37,1111,1495,
148,25,49,1,38,1129,1519,
149,27,53,3,40,1145,1545,
150,27,53,3,40,1166,1571,
151,31,63,2,40,1188,1603,
152,28,56,1,39,1204,1631,
153,30,58,1,38,1230,1659,
154,28,55,1,39,1251,1686,
155,28,56,1,39,1274,1714,
156,29,58,1,38,1291,1743,
157,28,55,2,37,1308,1770,
158,34,68,2,37,1331,1804,
159,31,61,1,39,1353,1834,
160,33,66,1,39,1381,1867,
161,36,71,3,39,1404,1902,
162,34,67,3,40,1433,1935,
163,37,73,3,39,1459,1971,
164,33,66,2,39,1479,2004,
165,33,67,3,40,1506,2038,
166,34,67,1,38,1530,2071,
167,41,83,3,38,1562,2113,
168,40,81,1,37,1589,2154,
169,37,74,2,39,1613,2191,
170,40,80,1,39,1643,2231,
171,38,76,3,39,1676,2269,
172,37,74,1,39,1704,2306,
173,43,86,2,38,1730,2349,
174,46,92,3,38,1760,2395,
175,39,78,1,40,1792,2434,
176,40,80,1,41,1822,2474,
177,40,79,2,43,1845,2513,
178,49,96,2,42,1885,2560,
179,51,102,2,42,1924,2611,
180,48,96,0,41,1959,2659,
181,51,102,1,41,1995,2710,
182,50,100,1,42,2031,2760,
183,53,104,1,42,2071,2811,
184,55,111,1,40,2114,2867,
185,50,101,2,40,2155,2918,
186,52,105,1,40,2195,2971,
187,59,117,2,42,2235,3029,
188,50,101,2,42,2278,3080,
189,58,116,4,39,2318,3138,
190,51,102,1,39,2360,3189,
191,63,125,2,40,2402,3251,
192,62,123,0,42,2447,3312,
193,63,127,2,42,2485,3376,
194,65,131,3,41,2541,3442,
195,56,112,0,41,2582,3498,
196,60,120,2,42,2633,3558,
197,67,133,5,42,2684,3624,
198,59,118,1,42,2728,3683,
199,71,142,2,41,2778,3754,
200,73,146,1,41,2833,3827,
201,63,125,2,41,2871,3889,
202,63,126,1,40,2915,3952,
203,65,131,1,39,2959,4018,
204,80,160,1,39,3021,4098,
205,71,140,0,38,3074,4167,
206,69,138,3,38,3129,4236,
207,82,164,1,38,3192,4318,
208,78,157,1,39,3253,4397,
209,73,145,3,38,3303,4469,
210,83,166,2,37,3361,4552,
211,77,154,2,37,3422,4629,
212,76,152,0,37,3473,4705,
213,79,159,1,37,3530,4785,
214,94,187,2,37,3605,4878,
215,80,161,3,36,3662,4959,
216,86,171,2,36,3724,5044,
217,99,197,0,35,3802,5142,
218,97,194,3,34,3879,5239,
219,88,175,4,34,3933,5326,
220,102,203,2,35,4015,5427,
221,91,182,1,35,4084,5518,
222,90,181,1,35,4143,5609,
223,108,215,0,35,4230,5716,
224,95,190,2,35,4300,5811,
225,106,211,0,35,4380,5916,
226,95,191,2,35,4450,6012,
227,110,221,2,38,4544,6123,
228,104,208,1,38,4619,6227,
229,103,206,3,40,4690,6330,
230,123,245,1,41,4789,6452,
231,129,257,1,42,4883,6580,
232,130,260,4,42,4985,6710,
233,116,233,2,43,5071,6827,
234,118,237,1,43,5153,6946,
235,122,244,1,43,5248,7068,
236,117,233,1,42,5330,7184,
237,129,258,0,42,5433,7313,
238,141,282,0,42,5544,7454,
239,125,250,1,40,5619,7579,
240,136,273,1,39,5723,7716,
241,127,254,0,37,5816,7843,
242,140,280,1,37,5922,7983,
243,149,298,0,36,6030,8132,
244,154,309,1,36,6149,8287,
245,146,291,1,36,6257,8432,
246,144,289,1,36,6360,8577,
247,161,323,2,37,6474,8739,
248,152,305,1,37,6587,8892,
249,166,331,0,37,6718,9057,
250,172,344,0,37,6847,9229,
251,157,314,3,36,6979,9386,
252,158,314,0,36,7088,9542,
253,162,324,1,38,7211,9704,
254,173,346,2,38,7335,9877,
255,171,342,0,38,7465,10048,
256,174,347,1,38,7585,10221,
257,170,340,1,37,7698,10391,
258,175,349,1,36,7814,10565,
259,185,371,2,36,7946,10751,
260,177,354,1,34,8062,10928,
261,191,382,0,34,8200,11119,
262,189,378,2,34,8352,11308,
263,199,397,2,33,8480,11506,
264,193,387,2,33,8625,11700,
265,218,436,2,32,8799,11918,
266,233,466,2,32,8986,12151,
267,237,474,1,31,9155,12388,
268,224,445,2,30,9320,12609,
269,243,484,1,30,9495,12850,
270,230,461,1,29,9657,13081,
271,242,482,0,28,9833,13321,
272,215,431,2,27,9974,13537,
273,243,487,2,27,10160,13781,
274,262,525,1,26,10345,14044,
275,230,461,1,27,10512,14275,
276,250,500,3,27,10703,14525,
277,243,486,0,26,10889,14768,
278,244,487,1,26,11059,15011,
279,257,513,0,26,11247,15267,
280,247,495,1,27,11436,15515,
281,252,503,2,28,11620,15766,
282,281,563,2,28,11828,16048,
283,265,531,3,29,12022,16314,
284,316,632,1,30,12257,16630,
285,299,597,1,31,12478,16928,
286,336,673,1,30,12739,17265,
287,303,604,1,30,12963,17566,
288,306,613,2,30,13187,17873,
289,339,678,1,30,13443,18212,
290,303,605,1,30,13654,18514,
291,341,682,0,30,13921,18855,
292,345,690,0,31,14171,19200,
293,380,760,1,31,14467,19580,
294,384,769,2,32,14755,19965,
295,350,699,1,32,15011,20314,
296,329,659,2,34,15255,20644,
297,345,690,0,33,15508,20989,
298,370,740,1,33,15769,21359,
299,406,813,2,34,16088,21766,
300,374,749,1,33,16359,22141,
301,441,882,1,34,16705,22582,
302,414,828,0,31,17008,22996,
303,393,787,1,29,17299,23390,
304,402,804,2,28,17600,23792,
305,451,902,1,25,17925,24243,
306,389,778,2,24,18196,24632,
307,488,976,1,23,18561,25120,
308,489,978,1,23,18946,25609,
309,502,1005,2,23,19326,26112,
310,479,958,0,23,19690,26591,
311,522,1044,0,22,20092,27113,
312,483,967,4,22,20432,27597,
313,482,965,1,22,20780,28080,
314,486,973,1,22,21153,28567,
315,471,942,1,22,21504,29038,
316,525,1051,4,22,21891,29564,
317,527,1054,1,22,22272,30091,
318,564,1127,0,23,22677,30654,
319,599,1197,0,22,23121,31252,
320,518,1036,1,22,23502,31770,
321,543,1084,1,21,23884,32311,
322,593,1185,2,20,24363,32903,
323,566,1132,2,20,24768,33469,
324,599,1199,2,20,25187,34069,
325,654,1308,1,20,25702,34723,
326,624,1246,2,20,26163,35345,
327,628,1256,1,20,26620,35973,
328,623,1245,1,18,27070,36595,
329,653,1307,2,17,27577,37249,
330,708,1417,2,18,28134,37958,
331,630,1257,0,18,28589,38585,
332,634,1269,1,17,29045,39220,
333,736,1472,2,17,29607,39956,
334,747,1495,1,18,30177,40704,
335,701,1402,0,19,30708,41405,
336,709,1419,1,19,31207,42115,
337,699,1398,0,19,31727,42814,
338,802,1603,0,18,32339,43615,
339,846,1692,1,18,32998,44461,
340,723,1446,0,19,33517,45184,
341,771,1541,0,19,34066,45954,
342,797,1595,1,19,34648,46752,
343,845,1690,0,19,35270,47597,
344,949,1896,0,19,35986,48544,
345,898,1797,1,19,36632,49443,
346,919,1839,1,19,37346,50363,
347,831,1663,1,19,37962,51195,
348,906,1813,1,19,38636,52102,
349,984,1969,1,19,39372,53087,
350,1032,2064,0,19,40145,54119,
351,983,1966,0,19,40876,55102,
352,956,1913,1,20,41598,56059,
353,1051,2103,1,19,42414,57111,
354,1076,2153,1,19,43240,58188,
355,990,1980,1,18,43975,59178,
356,1051,2103,1,17,44780,60230,
357,1039,2079,1,16,45568,61270,
358,1169,2339,1,17,46479,62440,
359,1021,2043,2,15,47231,63462,
360,1239,2478,0,14,48153,64701,
361,1039,2078,1,14,48885,65740,
362,1275,2548,0,13,49860,67013,
363,1207,2415,1,13,50749,68221,
364,1143,2286,1,13,51581,69364,
365,1165,2330,1,13,52415,70529,
366,1250,2500,0,13,53342,71779,
367,1330,2661,2,12,54302,73110,
368,1206,2413,1,12,55158,74317,
369,1456,2913,1,11,56290,75774,
370,1459,2919,2,10,57387,77234,
371,1542,3084,1,10,58609,78776,
372,1484,2969,1,9,59718,80261,
373,1529,3059,2,9,60864,81791,
374,1563,3126,0,8,62045,83354,
375,1417,2835,1,8,63087,84772,
376,1579,3158,1,8,64282,86351,
377,1674,3347,1,7,65570,88024,
378,1735,3469,0,7,66889,89758,
379,1470,2940,1,7,67947,91228,
380,1468,2937,1,7,69000,92697,
381,1622,3244,0,7,70175,94319,
382,1574,3149,1,7,71305,95894,
383,1802,3605,2,7,72657,97697,
384,1626,3252,1,7,73777,99323,
385,1604,3209,1,7,74938,100928,
386,1747,3495,2,7,76170,102676,
387,2029,4059,2,7,77704,104706,
388,2066,4133,1,7,79297,106773,
389,1839,3678,1,7,80651,108612,
390,1892,3784,0,7,82064,110504,
391,2063,4126,0,7,83633,112567,
392,1826,3653,1,7,84957,114394,
393,1833,3667,1,7,86240,116228,
394,2071,4141,0,7,87807,118298,
395,2080,4160,0,7,89361,120378,
396,2045,4091,1,7,90831,122424,
397,2371,4743,1,7,92595,124796,
398,2027,4055,2,7,94055,126824,
399,2032,4065,1,6,95519,128857,
400,2397,4795,2,6,97322,131255,
401,2470,4940,1,6,99154,133725,
402,2622,5245,2,6,101178,136348,
403,2591,5182,0,6,103120,138939,
404,2423,4847,1,5,104936,141363,
405,2826,5653,2,5,107086,144190,
406,2595,5191,2,5,109023,146786,
407,2440,4880,0,5,110790,149226,
408,2670,5341,2,5,112740,151897,
409,2998,5996,0,4,115075,154895,
410,2676,5352,0,3,117062,157571,
411,2545,5090,0,3,118866,160116,
412,3167,6334,0,3,121308,163283,
413,2979,5958,0,3,123568,166262,
414,2688,5376,0,3,125514,168950,
415,2799,5598,0,3,127512,171749,
416,3196,6392,0,3,129934,174945,
417,3376,6752,0,3,132507,178321,
418,3193,6386,0,3,134915,181514,
419,3273,6546,0,2,137365,184787,
420,3162,6324,0,2,139629,187949,
421,3085,6170,0,2,141821,191034,
422,3377,6754,0,2,144297,194411,
423,3308,6616,0,2,146694,197719,
424,3794,7588,0,2,149509,201513,
425,3454,6908,0,2,152020,204967,
426,3659,7318,0,2,154741,208626,
427,4058,8116,0,2,157872,212684,
428,4067,8134,0,2,160947,216751,
429,3643,7286,0,2,163570,220394,
430,4216,8432,0,1,166800,224610,
431,3942,7884,0,0,169622,228552,
432,4452,8904,0,0,172991,233004,
433,4485,8970,0,0,176389,237489,
434,4148,8296,0,0,179501,241637,
435,4272,8544,0,0,182690,245909,
436,4184,8368,0,0,185755,250093,
437,4585,9170,0,0,189156,254678,
438,4364,8728,0,0,192361,259042,
439,4482,8964,0,0,195613,263524,
440,5091,10182,0,0,199552,268615,
441,4576,9152,0,0,202883,273191,
442,4844,9688,0,0,206471,278035,
443,5080,10160,0,0,210298,283115,
444,5088,10176,0,0,214033,288203,
445,5648,11296,0,0,218269,293851,
446,5606,11212,0,0,222483,299457,
447,5539,11078,0,0,226591,304996,
448,4899,9798,0,0,230060,309895,
449,5789,11578,0,0,234283,315684,
450,5885,11770,0,0,238623,321569,
451,5224,10448,0,0,242352,326793,
452,5560,11120,0,0,246303,332353,
453,6079,12158,0,0,250744,338432,
454,6213,12426,0,0,255447,344645,
455,6078,12156,0,0,259934,350723,
456,6893,13786,0,0,265240,357616,