Initial population: 100,000
Initial homosexuals: 5%
Children per generation: 0.02 to 0.016 % of total population
Random event chance: 50%
Death range: 70 to 90 years old
Breeding ages: 20 to 50 years old
Run off: 50 years

generation,calculated_children,children_created,random_event_child,homosexuals,alive_population,total_population
0,0,0,5648,100000,100000,
1,1947,1947,189,5652,101947,101947,
2,1829,1829,208,5656,103776,103776,
3,1967,1967,211,5660,105743,105743,
4,1771,1771,198,5665,107514,107514,
5,2055,2055,237,5670,109569,109569,
6,1798,1798,178,5675,111367,111367,
7,2132,2132,242,5676,113499,113499,
8,2152,2152,214,5683,115651,115651,
9,2127,2127,215,5686,117778,117778,
10,2097,2097,237,5697,119875,119875,
11,2386,2386,273,5702,122261,122261,
12,2244,2244,260,5709,124505,124505,
13,2375,2375,269,5711,126880,126880,
14,2526,2526,278,5715,129406,129406,
15,2140,2140,216,5717,131546,131546,
16,2175,2175,258,5723,133721,133721,
17,2536,2536,280,5729,136257,136257,
18,2416,2416,267,5735,138673,138673,
19,2369,2369,247,5743,141042,141042,
20,2813,2813,305,5750,143855,143855,
21,2568,2568,260,5755,146423,146423,
22,2598,2598,294,5765,149021,149021,
23,2910,2910,309,5770,151931,151931,
24,3011,3011,323,5778,154942,154942,
25,2512,2512,263,5788,157454,157454,
26,3000,3000,315,5789,160454,160454,
27,2661,2661,251,5797,163115,163115,
28,3021,3021,296,5802,166136,166136,
29,3042,3042,283,5806,169178,169178,
30,3258,3258,20,5812,172436,172436,
31,3383,3383,18,5814,175819,175819,
32,3207,3207,14,5815,179026,179026,
33,2894,2894,9,5817,181920,181920,
34,3018,3018,15,5819,184938,184938,
35,3626,3626,17,5821,188564,188564,
36,3063,3063,12,5823,191627,191627,
37,3707,3707,15,5823,195334,195334,
38,3487,3487,17,5825,198821,198821,
39,3553,3553,18,5826,202374,202374,
40,3587,3587,18,5828,205961,205961,
41,3840,3840,14,5830,209801,209801,
42,3829,3829,14,5833,213630,213630,
43,3998,3998,24,5837,217628,217628,
44,4002,4002,20,5838,221630,221630,
45,3691,3691,14,5843,225321,225321,
46,4014,4014,17,5846,229335,229335,
47,4460,4460,20,5847,233795,233795,
48,4453,4453,22,5852,238248,238248,
49,3994,3994,26,5856,242242,242242,
50,3892,3892,14,5858,246134,246134,
51,3969,3969,21,5554,245050,250103,
52,4866,4866,15,5016,240439,254969,
53,4590,4590,19,4331,232206,259559,
54,4938,4938,20,3444,222550,264497,
55,5234,5234,23,2646,213466,269731,
56,4580,4580,19,1923,204864,274311,
57,4735,4735,13,1360,198996,279046,
58,4818,4818,23,903,195825,283864,
59,4625,4625,20,613,195109,288489,
60,5633,5633,16,420,197418,294122,
61,4811,4811,19,318,200421,298933,
62,5161,5161,16,265,204705,304094,
63,5817,5817,20,248,210147,309911,
64,5366,5366,7,241,215350,315277,
65,6247,6247,24,239,221542,321524,
66,6117,6117,13,240,227645,327641,
67,5895,5895,8,243,233537,333536,
68,5992,5992,10,243,239528,339528,
69,5643,5643,15,243,245171,345171,
70,6817,6817,15,245,251988,351988,
71,5636,5636,6,248,257624,357624,
72,6769,6769,19,248,264393,364393,
73,7062,7062,18,247,271352,371455,
74,6487,6487,5,247,277584,377942,
75,6535,6535,11,246,283604,384477,
76,6573,6573,7,245,289345,391050,
77,7619,7619,16,236,295928,398669,
78,7181,7181,8,235,301818,405850,
79,6788,6788,7,236,307067,412638,
80,7485,7485,12,233,312819,420123,
81,8256,8256,11,232,319243,428379,
82,7546,7546,7,230,324842,435925,
83,7520,7520,8,228,330337,443445,
84,8261,8261,13,225,336464,451706,
85,8374,8374,8,222,342743,460080,
86,8369,8369,7,212,348911,468449,
87,8419,8419,10,204,355049,476868,
88,8752,8752,8,196,361527,485620,
89,8888,8888,5,190,368157,494508,
90,8785,8785,4,186,374675,503293,
91,8195,8195,9,182,380525,511488,
92,9602,9602,7,178,387791,521090,
93,10110,10110,11,175,395474,531200,
94,8500,8500,5,169,401512,539700,
95,9321,9321,4,166,408380,549021,
96,9819,9819,6,165,415617,558840,
97,11093,11093,8,157,424035,569933,
98,9801,9801,4,150,431194,579734,
99,10907,10907,6,142,439388,590641,
100,11054,11054,11,137,447710,601695,
101,9696,9696,3,129,454566,611391,
102,10393,10393,5,123,462070,621784,
103,12265,12265,4,120,471451,634049,
104,10324,10324,8,115,478765,644373,
105,11954,11954,2,107,487720,656327,
106,11657,11657,4,106,496311,667984,
107,11808,11808,3,103,505031,679792,
108,11026,11026,3,99,512934,690818,
109,12602,12602,4,97,522322,703420,
110,13769,13769,1,96,532882,717189,
111,12510,12510,3,94,542110,729699,
112,11942,11942,3,92,550626,741641,
113,13597,13597,2,89,560845,755238,
114,12258,12258,4,89,569723,767496,
115,14509,14509,5,87,580513,782005,
116,14747,14747,1,86,591524,796752,
117,13747,13747,2,84,601568,810499,
118,15490,15490,3,82,613331,825989,
119,15908,15908,2,80,625436,841897,
120,13662,13662,4,77,635150,855559,
121,15051,15051,2,74,646177,870610,
122,15901,15901,0,73,658133,886511,
123,14964,14964,1,69,668844,901475,
124,16932,16932,1,66,681543,918407,
125,14806,14806,2,62,692287,933213,
126,15251,15251,3,60,703335,948464,
127,17936,17936,2,59,716972,966400,
128,17881,17881,1,57,730185,984281,
129,16617,16617,1,54,742126,1000898,
130,17457,17457,1,52,754875,1018355,
131,17929,17929,2,48,768117,1036284,
132,18356,18356,3,47,781724,1054640,
133,19913,19913,0,47,796845,1074553,
134,20648,20648,0,45,812463,1095201,
135,20426,20426,2,44,827954,1115627,
136,20981,20981,2,43,843802,1136608,
137,22067,22067,3,43,860615,1158675,
138,22201,22201,1,42,877468,1180876,
139,20610,20610,4,40,892626,1201486,
140,19968,19968,1,36,906978,1221454,
141,22118,22118,1,33,923425,1243572,
142,22242,22242,2,31,939887,1265814,
143,23712,23712,2,30,957584,1289526,
144,25464,25464,1,28,976874,1314990,
145,25218,25218,2,28,996058,1340208,
146,21775,21775,0,26,1011637,1361983,
147,23321,23321,0,25,1028614,1385304,
148,24343,24343,0,24,1046599,1409647,
149,25749,25749,2,24,1065771,1435396,
150,26930,26930,1,24,1085935,1462326,
151,25561,25561,0,22,1104876,1487887,
152,28833,28833,1,22,1126888,1516720,
153,29290,29290,1,21,1149275,1546010,
154,29833,29833,0,21,1171898,1575843,
155,30336,30336,2,20,1194834,1606179,
156,27704,27704,0,19,1215162,1633883,
157,27697,27697,1,18,1235216,1661580,
158,27586,27586,0,18,1255128,1689166,
159,31749,31749,1,18,1279078,1720915,
160,34104,34104,0,17,1305189,1755019,
161,34008,34008,0,16,1330999,1789027,
162,29376,29376,0,16,1351940,1818403,
163,33091,33091,0,15,1376628,1851494,
164,29680,29680,1,15,1397708,1881174,
165,36191,36191,1,13,1425181,1917365,
166,30850,30850,1,12,1447071,1948215,
167,38348,38348,0,12,1476552,1986563,
168,39190,39190,1,12,1506680,2025753,
169,34165,34165,0,12,1531511,2059918,
170,38343,38343,0,11,1560558,2098261,
171,41700,41700,0,10,1592796,2139961,
172,34896,34896,1,10,1617703,2174857,
173,36244,36244,0,10,1643807,2211101,
174,36551,36551,2,9,1670037,2247652,
175,36952,36952,1,8,1696595,2284604,
176,42026,42026,1,8,1728129,2326630,
177,39738,39738,2,8,1757119,2366368,
178,42400,42400,0,8,1788626,2408768,
179,43811,43811,0,7,1821489,2452579,
180,45753,45753,0,7,1856247,2498332,
181,47331,47331,2,6,1892236,2545663,
182,48454,48454,1,6,1929168,2594117,
183,47541,47541,0,6,1964990,2641658,
184,52220,52220,0,5,2005106,2693878,
185,45370,45370,0,5,2038376,2739248,
186,50891,50891,0,5,2076779,2790139,
187,47954,47954,0,5,2112316,2838093,
188,55439,55439,0,5,2154793,2893532,
189,53491,53491,0,5,2195064,2947023,
190,51675,51675,0,5,2233343,2998698,
191,53946,53946,0,4,2273420,3052644,
192,59599,59599,0,4,2319001,3112243,
193,52023,52023,0,4,2356686,3164266,
194,60603,60603,0,4,2402758,3224869,
195,51891,51891,0,4,2439776,3276760,
196,52725,52725,0,4,2477473,3329485,
197,65490,65490,0,4,2527683,3394975,
198,58484,58484,0,4,2570893,3453459,
199,66025,66025,0,3,2621548,3519484,
200,57043,57043,0,3,2662960,3576527,
201,64214,64214,0,2,2711113,3640741,
202,59274,59274,0,2,2754124,3700015,
203,65317,65317,0,2,2802775,3765332,
204,64355,64355,0,2,2850308,3829687,
205,69234,69234,0,2,2902195,3898921,
206,70220,70220,0,2,2954634,3969141,
207,77569,77569,0,1,3014073,4046710,
208,71135,71135,0,1,3066334,4117845,
209,66300,66300,0,0,3113503,4184145,
210,74833,74833,0,0,3168113,4258978,
211,77374,77374,0,0,3225076,4336352,
212,78479,78479,0,0,3282943,4414831,
213,77218,77218,0,0,3339279,4492049,
214,79173,79173,0,0,3397418,4571222,
215,80301,80301,0,0,3456196,4651523,
216,91430,91430,0,0,3526256,4742953,
217,81278,81278,0,0,3585288,4824231,
218,92861,92861,0,0,3655351,4917092,
219,98123,98123,0,0,3730333,5015215,
220,93602,93602,0,0,3800444,5108817,
221,94933,94933,0,0,3871709,5203750,
222,101342,101342,0,0,3949123,5305092,
223,103205,103205,0,0,4028075,5408297,
224,87896,87896,0,0,4091148,5496193,
225,107771,107771,0,0,4173185,5603964,
226,90396,90396,0,0,4237313,5694360,
227,113391,113391,0,0,4323750,5807751,
228,114550,114550,0,0,4410768,5922301,
229,110917,110917,0,0,4493808,6033218,
230,111528,111528,0,0,4576968,6144746,
231,101510,101510,0,0,4649895,6246256,
232,103231,103231,0,0,4724039,6349487,
233,107751,107751,0,0,4802247,6457238,
234,117559,117559,0,0,4889919,6574797,
235,119329,119329,0,0,4978540,6694126,
236,121085,121085,0,0,5068563,6815211,
237,111100,111100,0,0,5148042,6926311,
238,117016,117016,0,0,5233381,7043327,
239,137420,137420,0,0,5338489,7180747,
240,119277,119277,0,0,5424565,7300024,
241,134743,134743,0,0,5525339,7434767,
242,146462,146462,0,0,5637274,7581229,
243,146768,146768,0,0,5748506,7727997,
244,145823,145823,0,0,5858573,7873820,
245,139246,139246,0,0,5961087,8013066,
246,149413,149413,0,0,6073464,8162479,
247,145478,145478,0,0,6181893,8307957,
248,134896,134896,0,0,6279618,8442853,
249,166602,166602,0,0,6408723,8609455,
250,151533,151533,0,0,6521983,8760988,
251,155970,155970,0,0,6639051,8916958,
252,164012,164012,0,0,6763329,9080970,
253,176612,176612,0,0,6898866,9257582,
254,165951,165951,0,0,7022190,9423533,
255,188092,188092,0,0,7166613,9611625,
256,169441,169441,0,0,7291061,9781066,
257,162373,162373,0,0,7407542,9943439,
258,182338,182338,0,0,7543472,10125777,
259,175214,175214,0,0,7671158,10300991,